$ 3 0.000005 1.700203994009402 75 5 50 5e-11
a -256 200 -168 200 10 12 -12 1000000 0.12527272628831015 4.000129157899871 100000
a -40 40 48 40 10 12 -12 1000000 0.000001565873846442332 0 100000
w -40 32 -40 0 0
w 48 0 48 40 0
O 656 176 704 176 0 1
w -256 208 -256 272 0
r -256 272 -168 272 0 100000
w -168 272 -168 200 0
w -256 272 -256 320 0
r -256 320 -312 320 0 100000
r -256 320 -256 376 0 100000
R -312 320 -336 320 0 0 40 5 0 0 0.5
R -256 376 -280 376 0 0 40 -5 0 0 0.5
w -168 272 -168 416 0
w -168 416 -504 416 0
g -568 432 -568 448 0 0
c -312 128 -400 128 0 1e-8 -2.372128343921002 0.001
w -400 128 -400 160 0
r -400 208 -400 272 0 49900
g -400 272 -400 280 0 0
w -400 128 -568 128 0
w -568 128 -568 256 0
r -568 400 -568 344 0 27000
r -592 208 -648 208 0 49900
r -592 176 -648 176 0 56000
w -648 192 -648 208 0
R -816 192 -856 192 0 0 40 5 0 0 0.5
f -504 416 -568 416 0 1.5 0.02
O 240 48 288 48 0 1
a -24 208 64 208 11 5 -5 1000000 5.000699863760987 11.999387473643148 100000
w -56 200 -24 200 0
w -24 216 -24 240 0
w -24 240 64 240 0
w 64 240 64 208 0
x -626 179 -614 182 4 10 R1
w -400 176 -400 160 0
409 -400 192 -312 192 1 0.6 -11.548872246533762 0.023100000000000002 0
R -360 -240 -400 -240 0 0 40 12 0 0 0.5
R -360 -144 -400 -144 0 0 40 -12 0 0 0.5
x -719 -107 -562 -104 4 14 fq\s\q\s3/(4*R1*C1)*Vin/Vref
x -386 123 -369 126 4 14 C1
w -312 192 -256 192 0
w -256 128 -256 192 0
r -64 32 -144 32 0 10000
w -256 32 -256 128 0
r -40 0 48 0 0 12500
g -40 48 -40 64 0 0
g 152 56 152 88 0 0
r 152 8 240 8 0 10000
r 152 40 104 40 0 10000
w 240 8 240 48 0
w 152 40 152 8 0
a 152 48 240 48 10 12 -12 1000000 -0.00000156584252959174 0 100000
b -128 -48 70 104 0
x -718 -47 -454 -44 4 14 Vref\s\q\sVref,p\s-\sVref,n\s\q\s12V\s-\s(-12V)\s\q\s24V)
x -718 -67 -348 -64 4 14 Since\sthe\sstandard\sEurorack\sPSU\soutput\sis\s\p12V,\s-12V,\s\p5V
x -531 47 -312 50 4 10 tri.\sraw\s\q\s2/(3Vref)\s-\sVref/2\s\q\s2/(3*24V)\s-\s12V\s\q\s4V
207 -312 128 -312 96 4 tri.\sraw
w -312 128 -256 128 0
207 -360 224 -328 224 4 Vref,n
207 -360 160 -328 160 4 Vref,p
207 -360 -144 -328 -144 4 Vref,n
207 -360 -240 -328 -240 4 Vref,p
x -532 59 -262 62 4 10 Since\swe\swant\sa\sstable\s\p5V\soutput,\stri.\sraw\sneeds\sconversion
b -703 147 -431 231 0
x -702 156 -610 159 4 14 Voltage\scontrol
x -509 99 -363 102 4 14 triangle\swave\sgenerator
w -648 192 -648 176 0
b -512 88 -288 295 0
x -129 -34 -7 -31 4 14 Inverting\samplifier\s1
x -147 -90 17 -87 4 10 Converts\sthe\sinsufficient\s\p4V\sinto\s-5V
x -147 -75 -48 -72 4 10 G\s\q\sVout/Vin\s\q\s-R4/R3
x -2 2 10 5 4 10 R4
x -110 35 -98 38 4 10 R3
x -147 -62 72 -59 4 10 The\srelationship\sbetween\sR3\s\a\sR4\sis\sR4\s\q\s5/4*R3
x 80 -34 202 -31 4 14 Inverting\samplifier\s2
b 79 -45 253 107 0
x 86 -88 263 -85 4 10 Inverts\sthe\soutput\sfrom\sInverting\samp.\s1.
x 87 -59 223 -56 4 10 Pretty\smuch\sa\svoltage\sfollower.
b -32 296 -278 169 0
x -267 178 -40 181 4 14 square\swave\sgenerator\s(schmitt\strig.)
b 152 288 -28 174 0
x -25 283 143 286 4 14 Step-down\svoltage\sfollower
x -26 304 152 307 4 10 Converts\sthe\s\p-15V\ssquarewave\sto\s\p-5V
w -592 176 -512 176 0
r -512 176 -400 176 0 1000
w -592 208 -400 208 0
r -568 256 -568 312 0 1409
w -568 312 -568 344 0
x -466 180 -445 183 4 10 R1.1
x -594 375 -582 378 4 10 R2
x -599 286 -578 289 4 10 R2.1
w -144 32 -168 32 0
w -256 32 -168 32 0
w -168 200 -112 200 0
r -360 -240 -360 -184 0 1
x -336 -206 -13 -203 4 10 Req\s\q\sequivalent\sresistance\sin\swires,\sto\skeep\ssimulation\sfrom\smessing\sup
x -336 -191 38 -188 4 10 Decoupling\scap.\sDon't\sforget\sto\splace\sone\sof\sthese\sat\severy\sinput\svoltage\sof\sop-amps!
x -890 243 -575 246 4 10 R1\sand\sR2\seach\sconsists\sof\sa\sstandard\svalue\sresistor\sand\sa\strimmer\spot
207 -816 192 -760 192 4 CV
207 -648 192 -696 192 4 CV
g 240 656 240 688 0 0
r 240 576 240 656 0 4700
w 336 448 336 496 0
c 240 448 336 448 0 1e-10 2.292404987187292 0.001
w 240 496 240 448 0
O 608 568 688 568 0 0
w 336 496 336 560 0
r 240 496 336 496 0 4700
w 240 544 240 496 0
a 240 560 336 560 8 12 -12 1000000 1.8814781875967792 1.8814740783287836 100000
w 32 576 240 576 0
w 32 544 32 576 0
w 32 592 32 608 0
w 32 576 32 592 0
w 96 544 240 544 0
w 96 544 96 608 0
R 32 448 0 448 0 0 40 5 0 0 0.5
w 96 480 32 480 0
r 96 544 96 480 0 4700
r 32 544 32 480 0 4700
g 160 704 160 720 0 0
r 160 624 160 704 0 220
R 128 800 160 800 0 0 40 -5 0 0 0.5
w 64 800 128 800 0
r 64 728 64 800 0 10000
w 32 656 32 704 0
w 96 656 96 704 0
r 32 656 96 656 0 390
w 96 640 96 656 0
w 32 640 32 656 0
t 160 624 96 624 0 1 -1.881864255988338 0.5505534394893422 100 default
t -32 624 32 624 0 1 -1.8251490133892811 0.5610382170033391 100 default
g -32 704 -32 752 0 0
r -32 624 -32 704 0 220
r -120 624 -32 624 0 2200
174 32 704 88 728 1 500 0.8762000000000001 Resistance
w -64 32 -40 32 0
w 48 40 104 40 0
w 32 480 32 448 0
O 64 208 112 208 0 1
w 48 40 48 160 0
w 48 160 160 160 0
r 160 160 256 160 0 10000
a 256 168 352 168 10 15 -15 1000000 -5.637069183051503e-7 0 100000
g 256 176 256 200 0 0
w 256 160 256 128 0
r 256 128 352 128 0 3600
w 352 128 352 168 0
r 448 168 528 168 0 10000
a 560 176 656 176 11 15 -15 1000000 0.3126830827257062 0.31268933638736074 100000
w 528 168 560 168 0
w 560 184 560 216 0
r 560 216 656 216 0 10000
w 656 216 656 176 0
r 560 216 560 280 0 10000
g 560 280 560 296 0 0
w 528 168 528 216 0
r 448 216 448 280 0 1363
g 448 280 448 296 0 0
r 528 216 448 216 0 10000
R 392 216 368 216 0 0 40 5 0 0 0.5
r 448 216 392 216 0 10000
w 448 168 352 168 0
b 344 312 468 192 0
b 176 112 357 214 0
b 664 312 472 117 0
b -90 411 396 821 0
x 39 630 91 633 4 24 <--->
x -82 428 71 431 4 14 triangle\sto\ssine\sconverter
x 475 134 585 137 4 14 AC\s\p\sDC\ssummer
x 344 308 434 311 4 14 \p0.6V\sDC\sbias
x 178 124 274 127 4 14 5Vpp\sto\s1.8Vpp
207 656 216 704 216 4 tri_to_sine
207 -120 624 -160 624 4 tri_to_sine
a 512 568 608 568 10 15 -15 1000000 -0.000010272810441397402 0 100000
w 336 560 432 560 0
r 432 560 512 560 0 10000
w 512 560 512 528 0
r 512 528 608 528 0 25000
w 608 528 608 568 0
g 512 576 512 600 0 0
b 648 640 416 480 0
x 419 495 599 498 4 14 -2V\sto\s\p5V\sinverting\samplifier
209 -112 200 -56 200 0 0.00001 0.0010000000000136566 0.001 1
209 -360 -184 -360 -144 0 0.00001 23.999999999999993 0.001 1
o 28 4 0 4106 10 0.1 0 1
o 106 8 0 4106 10 0.1 1 1
o 140 32 0 4106 10 0.1 2 1
38 26 0 0 5 Voltage
38 85 0 1 1000 Resistance
38 87 0 1 2000 Resistance
